1
2
6
7
14
15
16
17
18
19
21
22
23
24
25
26
27
28
29
30
32
33
34
35
36
37
43
44
45
46
47
48
51
52
57
58
59
60
61
66
67
72
73
78
79
80
81
82
83
84
94
95
96
97
98
99
100
101
128
132
133
134
135
136
137
142
143
144
146
148
153
154
155
156
158
159
160
161
162
163
163
165
166
168
170
171
179
180
181
182
184
185
186
188
189
200
203
204
206
212
213
220
221
222
223
227
228
229
230
234
235
236
239
241
242
247
248
249
250
254
255
258
259
260
261
262
264
268
269
296
297
299
