492 -16.0 0.0 -55.0 0.9
515 -16.0 0.0 -55.0 0.9
518 -16.0 0.0 -55.0 0.9
524 -16.0 0.0 -55.0 0.9
514 -16.0 0.0 -55.0 0.9
494 -16.0 0.0 -55.0 0.9
499 -16.0 0.0 -55.0 0.9
502 -16.0 0.0 -55.0 0.9
503 -16.0 0.0 -55.0 0.9
504 -16.0 0.0 -55.0 0.9
507 -16.0 0.0 -55.0 0.9
508 -16.0 0.0 -55.0 0.9
540 -16.0 0.0 -55.0 0.9
575 -16.0 0.0 -55.0 0.9
576 -16.0 0.0 -55.0 0.9
588 -16.0 0.0 -55.0 0.9
600 -16.0 0.0 -55.0 0.9
568 -16.0 0.0 -55.0 0.9
562 -16.0 0.0 -55.0 0.9
559 -16.0 0.0 -55.0 0.9
541 -16.0 0.0 -55.0 0.9
543 -16.0 0.0 -55.0 0.9
549 -16.0 0.0 -55.0 0.9
550 -16.0 0.0 -55.0 0.9
558 -16.0 0.0 -55.0 0.9
423 -16.0 0.0 -55.0 0.9
424 -16.0 0.0 -55.0 0.9
426 -16.0 0.0 -55.0 0.9
431 -16.0 0.0 -55.0 0.9
437 -16.0 0.0 -55.0 0.9
439 -16.0 0.0 -55.0 0.9
440 -16.0 0.0 -55.0 0.9
422 -16.0 0.0 -55.0 0.9
421 -16.0 0.0 -55.0 0.9
402 -16.0 0.0 -55.0 0.9
403 -16.0 0.0 -55.0 0.9
405 -16.0 0.0 -55.0 0.9
418 -16.0 0.0 -55.0 0.9
442 -16.0 0.0 -55.0 0.9
443 -16.0 0.0 -55.0 0.9
467 -16.0 0.0 -55.0 0.9
470 -16.0 0.0 -55.0 0.9
474 -16.0 0.0 -55.0 0.9
483 -16.0 0.0 -55.0 0.9
459 -16.0 0.0 -55.0 0.9
434 -16.0 0.0 -55.0 0.9
455 -16.0 0.0 -55.0 0.9
457 -16.0 0.0 -55.0 0.9